-1.021340555561831565e-01
1.462339564418417837e-01
-1.138899848026557748e-01
-1.298456148232336460e-01
-5.454519926955825326e-02
-1.512313093931361152e-01
-9.454386994046259929e-02
1.450058542637755465e+00
-1.269160569150713513e-01
-1.263135484858697311e-01
-1.511803309032906384e-01
-1.097600266893934418e-01
-1.026487601867245303e-01
-1.033633505788085216e-01
-1.062960559626127122e-01
-7.121643397409371801e-02
-9.408406069148611550e-02
-2.855927806491287413e-02
2.775991817269840567e-02
-1.362519561757391529e-01
1.399834530202765492e+00
2.602217199354761590e-02
-6.033608991390337906e-02
-1.318014862419492061e-01
-6.928764820857580276e-02
-6.706945496772931392e-02
-1.201856486430550319e-01
-3.189351648256355531e-02
1.399191531564554225e-01
-5.820362067307804921e-02
-8.685942289474368749e-02
3.614770952870074439e-01
-6.631580245398893680e-02
-1.026893419704091315e-01
-1.134057393956311444e-01
-1.450663256661623990e-01
4.277950147546150106e-02
-6.868011213483349309e-02
-1.088436007479920420e-01
-1.149377519254191071e-01
-1.434378720665012708e-01
-1.405966501778941335e-01
-9.957354828521047807e-02
3.005470835653056838e-03
-6.259737615307869874e-02
-1.344663310110192356e-01
-9.659702637937073177e-02
-1.220920633939410749e-01
2.979627413869661012e-01
1.476999836273655831e-01
2.400417399323941936e-01
2.095276562734849080e-01
3.642645762735661208e-01
1.428731413154906704e-01
1.952239097971375514e-01
1.966727822183411689e-01
9.561516057089853859e-01
2.787059555620530205e-03
1.095642542956820620e-01
2.223884857708604557e-01
3.009015661296281507e-01
-9.636271382369443472e-04
1.542372074441900054e-02
3.281018328716864829e-01
1.017500208566426423e+00
8.077514476898883800e-02
1.413066207743600700e-01
3.677569881124451712e-01
8.641339772893275040e-03
2.121028897987340400e-01
-8.860180989216814851e-03
1.316776268976305175e-02
1.193826140762883625e-01
2.018789422301701109e-01
2.497826382326095995e-01
8.108315887398909183e-02
5.529882173830102943e-02
6.787368229926826757e-02
3.058057424349858167e-01
3.635037383334740468e-01
2.422896346081895302e-01
1.523012427402647972e-02
5.435368808747362834e-01
2.070741519025762756e-01
-5.386825574928977289e-02
2.181425166638994995e-02
1.161275259075617683e+00
1.206154346240850828e-01
1.580700333011677117e+00
5.958987603641219266e-03
5.572302012649821279e-02
7.678094090954523665e-02
4.055830784634473218e-02
6.526332090330555502e-02
2.424393212090958372e-01
-8.820173636395978178e-03
1.351455768203635444e-01
5.472839222066561149e-02
-9.959654755236968526e-03
7.267179204057327979e-02
2.536730580205048824e-01
2.818634853238783933e-01
2.797713057841271223e-01
1.412018808604003084e-01
2.121519615175913032e-01
-6.592369808425146971e-03
1.496263095539518417e-02
1.060102388899796466e+00
3.093473912602089371e-01
2.796490642351656675e-01
-8.267390971296251223e-03
1.330467019542656004e-01
3.098331481030136558e-02
2.309435570243092428e-01
-1.245086375626236475e-02
1.509369585497832844e-01
2.560148651692752964e-01
9.947615391025976805e-02
3.870132440953533148e-02
1.235467016662479267e-01
1.769510192235657087e-02
1.581109716894602002e-02
2.746379908865961283e-01
-5.789995526109592561e-03
2.132903916785444665e-01
6.526294074637206677e-02
1.437658473109486579e-01
3.374405896790317883e-01
1.246042752854510383e-01
2.662249982932305414e-01
7.394926831433323855e-02
2.585628715919998655e-01
3.457673705696748812e-01
7.609430579815423812e-02
2.001743501551054294e-01
2.211168480375764744e-01
2.578564464115054022e-01
2.746239675864092789e-01
4.162061113445858496e-02
2.448674370841583681e-01
9.444610213894755191e-02
5.978903807974411677e-02
1.242588676959197613e-01
1.269995826133261119e-01
3.761769621015904619e-01
1.824692521362969444e-02
4.197998702323033626e-01
2.901571682694541465e-01
1.470814217205660412e-01
2.029096913487402176e+00
-2.360085068753896564e-01
-2.334031961629836616e-01
7.914519124172869624e-02
6.690979194742752156e-01
1.750796301451604364e+00
2.992996163900585316e-03
1.030154922398480721e-01
1.117106086788641761e-01
-6.774307584026217910e-02
2.917800528643326174e-01
2.915429821474884164e-01
2.919211328255677529e-01
3.945575993751173627e-01
5.634646434178147700e-01
3.774139084555656609e-01
-3.808292064706186864e-02
nan
nan
nan
nan
2.586002513046421925e+00
1.001717315172051315e+00
6.686651837290558120e-01
1.356094332516613932e+00
7.751785145069796101e-01
6.454607603927726700e-01
6.596812399051135145e-01
5.523613649845913187e-01
6.715145051264066467e-01
7.094187640204339118e-01
9.928704233818717029e-01
8.419650156505706917e-01
9.836866993792074965e-01
1.217796216456545011e+00
2.266879802513360076e+00
7.969031784689537545e-01
2.117616835834873257e+00
1.131292647929740269e+00
5.075699774451969404e-01
5.763007897189371675e-01
1.042170194608422307e+00
1.207603246646007378e+00
5.851559385566194038e-01
6.007744050770309485e-01
8.476378715392307583e-01
1.582492092381526660e+00
5.420524111498075115e-01
4.981982502875990093e-01
6.483721543431464340e-01
8.111204434549765807e-01
2.537148172871859231e-01
7.571234118891112530e-01
8.923528364227770737e-01
5.363314661415614637e-01
6.347686462744288605e-01
7.686408907530424273e-01
6.770431566655066291e-01
5.269156485530217537e-01
1.931455416223535337e+00
7.005042805803824990e-01
8.893125782680932900e-01
8.299504390381962082e-01
6.587315253286671890e-01
5.687035006036804674e-01
6.354331397854124930e-01
1.163039230711151006e+00
7.238111697811060452e-01
5.738421619120774864e-01
6.069190876062577900e-01
6.917242609895843941e-01
1.216550623260669539e+00
4.553681125750603798e-01
6.232500034008694456e-01
7.039566560786330029e-01
4.384223541438903027e-01
5.439290544545904993e-02
7.393743476586482899e-01
6.240699503717710428e-01
6.519572422469508410e-01
5.453416526983172474e-01
9.384598134461921148e-01
2.197788999689754164e+00
9.104153923740039289e-01
7.873464207886193833e-01
3.983862617833811015e-01
8.923760039100550046e-01
9.640878043743601467e-01
3.640756940351327131e+00
5.156550766105318928e-01
5.678207047008427821e-01
1.140984391429906708e-01
1.475118961914056115e+00
1.016179494317235310e+00
1.929726733843772024e+00
8.941731070969165529e-01
1.198612418006179681e+00
4.664165738660095428e-01
8.664484624027402049e-01
4.508407497267086228e-01
2.240476236575061009e+00
6.137925857665482710e-01
9.802693195179479346e-01
8.148376861199722043e-01
6.134553737914174576e-01
4.722992845218545455e-01
6.422945897593397291e-01
4.304730114082317982e-01
5.550304657267837172e-01
7.392489076463135689e-01
7.292126703078629646e-01
7.213993147168586972e-01
8.561108639741341619e-01
1.390687967164108585e+00
5.017403647619023133e-01
7.455831856602905816e-01
5.281639146104257776e-01
1.914695957329584530e+00
1.818879413431750081e+00
2.259754373290050466e+00
7.734318567940263733e-01
1.588393559889583528e+00
8.812008530885115931e-01
2.067650719761017442e+00
9.001353174583002215e-01
2.018692458208768414e+00
7.325430443290166238e-01
5.670790672237409069e-01
8.739432671468261304e-01
6.713499661677975183e-01
2.440128184314326987e+00
5.714647878086953625e-01
4.399539828595067092e-01
7.447154763491816709e-01
3.066571677266036744e-01
1.918514687760968229e+00
6.776343108149287531e-01
8.945795507476699271e-01
4.922433474504614992e-01
8.901546216267988143e-01
5.753622146264305570e-01
6.895452400452164454e-01
5.119489591199748446e-01
6.024657977865359726e-01
7.249832805639719879e-01
1.344894433614967966e+00
6.850774754590762683e-01
6.932178796722077152e-01
5.978233412861957419e-01
7.209624355100068271e-01
6.822994128560022631e-01
7.065209741848903491e-01
7.385294435099929444e-01
9.755257986996230812e-01
5.958826507433290232e-01
4.931459199167615992e-01
5.090866811574379369e-01
5.877760233951754287e-01
7.170952717933580800e-01
1.888021900298189948e+00
6.229165538279417547e-01
6.473813926390352691e-01
1.192404905607254761e+00
1.075484335009587511e+00
5.930751069835107359e-01
3.551794460749349014e-01
6.783616140237214154e-01
3.745413277304230348e-01
7.030540854441653664e-01
1.006884105341882218e+00
6.788935511580493909e-01
6.587408505341318943e-01
3.220894830909930562e-01
7.072050466359449672e-01
1.807761518795782507e+00
6.183363945553175256e-01
4.483798931549518585e-01
6.152508467114419233e-01
6.366324383917145724e-01
1.640433123987943276e-01
1.064071650871921904e+00
4.931612993424003832e-01
1.672969996787809777e-01
9.953533154817755246e-01
6.936987718420493110e-01
8.869025209435257295e-01
6.882060617827523430e-01
5.994997781415314364e-01
4.769753779823702189e-01
1.109480669828009525e+00
7.435589505853954506e-01
1.704973694924104777e+00
4.231314734596978155e-01
8.885532911668665434e-01
1.096256795285308172e+00
9.128680331499356981e-01
9.815003741508476764e-01
4.067972708325680031e-01
8.724503334514590591e-01
1.097433490368668885e+00
6.716686450025246558e-01
1.965557530567313194e+00
7.981143284936145221e-01
5.883308341388513441e-01
4.848082369646906642e-01
1.012958323856873122e+00
5.662576323084618224e-01
4.417630842756157250e-01
5.023343441262309028e-01
8.866222693955929657e-01
3.858310645062736910e-01
6.774052335948361758e-01
5.429445342192344981e-01
1.315899673497817446e+00
5.464545437888403967e-01
2.674956084612016838e-01
6.579723147413645279e-01
7.937183667070240034e-01
3.477756961584397288e-01
8.203447570344479800e-01
1.036979677629410901e+00
7.234493938984201122e-01
5.164670233331989380e-01
9.491273883640580777e-01
4.897684230256533766e-01
9.119357277084318980e-01
4.311572385645696670e-01
6.979522347014963657e-01
5.855470175461956472e-01
6.357937914938371904e-01
6.008871350351228102e-01
4.385429775076197245e-01
5.869063277547361679e-01
2.480035389879706287e+00
5.975452181957283670e-01
3.810945110939645275e-01
1.162208109089718278e+00
8.313883662163110699e-01
7.253879838873533714e-01
4.779004473946528719e-01
nan
6.753673623681546445e-01
1.138683160963937624e+00
7.819423412832140485e-01
1.023958375312684410e+00
6.373295624192980569e-01
6.723288556111448599e-01
7.019363071863331527e-01
5.931011779409054441e-01
4.330855173874255115e-01
4.191922592641894596e-01
5.429917760233298196e-01
1.278712894207510331e+00
7.347268308682988192e-01
5.501749009487753028e-01
7.098405441521151715e-01
5.823224603402046284e-01
6.523698114460980690e-01
6.905622341976833667e-01
8.001116874709879312e-01
7.646152261876189016e-01
-6.966090746892206198e-02
-8.351820220768679803e-02
4.435969443515102029e-01
6.146382506483796249e-01
5.191730376806642511e-01
4.748490607329518554e-01
4.237306908842484177e-01
5.936837234491836313e-01
5.601523685198888103e-01
8.901436413148164917e-01
8.729662689482609039e-02
9.260718503357789899e-01
5.092758367129288644e-01
6.414952256037604883e-01
7.589461621836353089e-01
1.656271945081192243e+00
1.734953708781898030e+00
6.837293094682799222e-01
1.139600621270805192e+00
7.418278479663893421e-01
3.039805715138310660e-01
1.387328089473008674e+00
8.809816890381902965e-01
4.593724378143893006e-01
6.901656816319992060e-01
6.342450130217951454e-01
6.569751540899737563e-01
5.579977104869371374e-01
-5.271202265136665233e-02
5.094984744530766108e-01
4.823420219929932529e-01
6.511281400225783500e-01
-3.480378075843759689e-02
6.905433257412507686e-01
1.951729195434889874e+00
9.762587284788359909e-01
1.756101284098591009e+00
6.762986051591290959e-01
5.176732069824581117e-01
1.475133557685037289e+00
5.852373196548548151e-01
5.963354778127030187e-01
1.132396442040361606e+00
4.471037246295281875e-01
8.982979622549169818e-01
5.055898678556314252e-01
8.441817442001013916e-01
6.546247173676764675e-01
8.393584575762229605e-01
1.167118307990335779e-01
4.898815530195115286e-01
5.308060446173552549e-01
2.933604117342472506e+00
4.685456127855864850e-01
6.581155512449274880e-01
6.618092154889030354e-01
-5.015453384224244360e-02
7.275082500037779454e-01
7.717265463834497297e-01
5.309594338620158283e-01
5.420690687892282256e-01
1.329930237011543781e+00
6.051704111085740578e-01
6.164715152871131920e-01
3.941488064438249950e-01
7.174771713255641004e-01
5.632691125043791658e-01
8.057295650373674789e-01
6.510065134117493102e-01
6.137858333180954418e-01
7.641150533617011575e-01
7.279953270428407563e-01
1.131368759149026459e+00
3.713655084935947315e-01
4.766813895157397951e-01
6.883312970435895295e-01
7.971104734607639131e-01
7.577978040795851911e-01
7.319973925969431860e-01
6.025502758672303116e-01
1.720017869870481775e+00
5.456590882914529317e-01
4.328397511180916979e-01
1.783766909049655069e+00
4.004960185861374811e-01
9.887093609938837346e-01
6.914034767040106999e-01
5.609753110203126170e-01
1.912391612719220646e+00
4.910594721766710080e-01
8.615141493135745066e-01
6.896171205809231708e-01
5.164304001059303317e-01
2.497439921631096738e+00
6.580643142829707415e-01
6.150520565487251901e-01
6.208791204195929225e-01
5.083503797371129451e-01
4.318518460193061514e-01
7.083030199728792553e-01
1.164971999486603238e+00
3.706096993302026021e-01
6.253114240223389686e-01
6.754497273232811239e-01
7.365205294109049561e-01
8.928609623123850980e-01
7.854915799169717161e-01
4.965968872005692702e-01
5.143370972251251061e-01
5.738617607348217575e-01
3.971971539583591948e-01
9.341617177549430551e-01
6.863741140797703366e-01
9.203823531701935678e-01
4.736873683167992510e-01
6.945885924887651441e-01
5.898387938823113075e-01
6.000675279108023119e-01
9.977557707184896429e-01
7.958812486635729044e-01
5.631414401479570842e-01
8.105304871898155739e-01
5.640393692317147156e-01
5.965912692921442328e-01
1.353433577270477528e+00
8.504291840179796225e-01
6.230571768747203976e-01
6.230076210317356811e-01
5.164721113614696435e-01
1.358911607412819578e+00
4.850581658462065349e-01
4.063713426179393906e-01
7.599261824520020525e-01
6.730667660907414529e-01
3.146162901749889329e+00
6.959507616008000497e-01
8.501555297791725252e-01
1.457535274436899897e+00
1.522339207486799850e+00
5.579934986573125144e-01
5.259461441281025884e-01
1.246764540451930969e+00
6.708823012588052137e-01
3.571905628724749704e-01
6.750035843620807441e-01
1.089592631915815346e+00
5.523316966937059647e-01
6.433712503088013790e-01
9.632444751059523469e-01
8.568292934784675907e-01
6.290026917869848688e-01
9.678906285950930055e-01
6.226310197717292994e-01
1.026416349870110878e+00
4.728217560788650076e-01
1.180337610800927806e+00
2.857186284184756175e+00
7.949710711315418621e-01
3.728784562490794485e-01
6.364434619803667204e-01
7.246282622083537461e-01
1.375551952052433080e+00
6.701510852876015889e-01
6.685691787594798541e-01
4.657418548057243868e-01
7.160230861187315554e-01
1.010895293519133986e+00
5.843350629331958146e-01
5.545221823840673636e-01
5.553113441948287488e-01
5.407718276107065236e-01
1.147706697951086596e+00
7.920983062290147814e-01
1.019631989684860685e+00
4.715886472286427988e-01
7.155096658086730343e-01
7.505177521381085626e-01
5.436063193600126908e-01
1.654656335702673786e+00
4.623354826021390807e-01
6.408794616310586889e-01
4.219762859916720288e-01
1.242863662015448512e+00
6.291411618163955666e-01
6.872483857212348113e-01
9.296088844387497829e-01
5.611474200204522589e-01
4.814709666599057414e-01
2.172911955104934734e+00
8.916915966608360833e-01
9.124092533079242173e-01
1.369494975849260499e+00
6.108229445405743974e-01
6.185888002836925637e-01
4.902809009644304439e-01
8.771629611269311511e-01
6.061726026101776910e-01
6.995911676860036010e-01
1.154133747630710971e+00
6.057572907783193017e-01
4.935821386021590484e-01
1.658567088170915582e+00
6.932558695876522847e-01
5.156444509732693859e-01
7.587089949130465527e-01
1.915216007563280698e-02
1.567989873321907979e+00
1.574435215366651875e-01
1.929740495643859077e+00
2.705213651246486606e+00
5.849209393116758804e-01
2.358703921835688888e+00
6.224880444634859344e-01
5.430756115704582498e-01
7.252828390595151831e-01
2.913020685241924923e-01
4.284704280471789417e-01
5.170201537371532652e-01
7.410834479782302253e-01
4.745887490472693315e-01
3.641663520850269009e-01
7.318238471688331970e-01
8.424818854089899389e-01
1.106787139598397474e+00
8.045627269778101720e-01
8.403952170450352810e-01
6.685104400603947283e-01
nan
6.309591743424967092e-01
9.021594826581047499e-01
6.238150659263368425e-01
7.318304777363007219e-01
4.523720277621823271e-01
-9.913662098890618779e-02
4.313193757006033024e-01
8.031879431633743849e-01
1.747639827677485158e-01
6.043313975388926451e-01
4.792637530578218730e-01
6.287444033565261492e-01
1.583388658832500795e+00
7.026218423451044970e-01
6.035845725569011222e-01
6.625556383422708251e-01
5.483327461589340146e-01
6.826190755378913622e-01
5.520726357699636822e-01
6.419619861911662895e-02
5.758428187140243182e-01
-6.513082436577377621e-02
1.932380201704297917e+00
2.421243414654675519e+00
-1.071490252488800365e-01
6.578152876447997954e-01
1.579605172969106519e+00
6.956485795407978401e-01
5.784419785732577424e-01
7.152325586701770987e-01
1.327499961640006276e+00
7.386185224943595529e-01
7.255342083983613577e-01
5.872348925052381929e-01
7.655511169640334401e-01
4.995963024137193287e-01
8.627327842180889661e-01
4.591824188786031158e-01
1.379230466487438633e+00
5.585928921654552681e-01
nan
6.195101548562487181e-01
1.229877532845552679e+00
6.541123061771862979e-01
5.091776996969326063e-01
5.171023174451150339e-01
1.326180589231011453e+00
6.913933803460423633e-01
2.172002380426405921e+00
1.036842357046367624e+00
6.481294699392652348e-01
1.529184829270437973e-01
nan
9.076440240332672715e-01
1.945604814571915142e-01
6.085431968408361314e-01
9.580527105401266397e-01
5.810524341034692952e-01
1.591084469635857701e+00
4.588735433412374221e-01
3.828605986981550302e-01
3.769003347198172094e-01
5.367324093322931589e-01
-5.344968676995698331e-02
5.747753648544087213e-01
6.928624569977284153e-01
1.250937021893486545e+00
1.179760039476690281e+00
1.479378814072966009e+00
5.194705237822088151e-01
1.680974324918141249e+00
5.369838821817403129e-01
2.003717062935649551e+00
1.204207909982953240e+00
4.653883123351487683e-01
7.103327881837699920e-01
5.648553802815090563e-01
6.053879664721701914e-01
2.074654090926772554e+00
8.986453032273082897e-01
4.527709588373021177e-01
2.153722681718258869e+00
1.961907302816381815e+00
5.312253069392074423e-01
6.710034921372827199e-01
1.229182476675820368e+00
9.656021682882194312e-01
1.654538165226554725e+00
5.393860299432269301e-01
8.766812893365560910e-01
9.390430237661426816e-01
4.273970218205640492e-01
6.586827058586184336e-01
9.538376571753293121e-01
7.917087749077076353e-01
7.003995956365240971e-01
1.125528376189175006e+00
5.861394767974790199e-01
6.804386555915229451e-01
4.123115991977552852e-01
2.236129088733843417e+00
9.387530052587731433e-01
6.988707990683202809e-01
9.341241586873110236e-01
5.124840936525565382e-01
6.794349086392639236e-01
7.120053707159037515e-01
1.019922801010295643e+00
9.560851007450565930e-01
5.027951005944384377e-01
5.093572165549637987e-01
5.890902504784474303e-01
6.392985734488618732e-01
3.488576867759629607e-01
6.195706900534645456e-01
6.435679677670744780e-01
5.664873892614767925e-01
6.696199725774096834e-01
5.744825692546662310e-01
7.104490371377476521e-01
7.180821963647687767e-01
6.846929200440694530e-01
3.229647156423709475e-03
2.617613191419362551e+00
2.523807260810379205e+00
6.194045840235400391e-01
9.968973832944474367e-01
9.884778191018437354e-01
4.816999943558588626e-01
1.748738304906295227e+00
6.846660673842865918e-01
5.239857652972581548e-01
5.656707318423723763e-01
2.600916639417283349e+00
4.673345446989003449e-01
6.402046733475152962e-01
4.971710563373736846e-01
6.745249109673761012e-01
2.237583614954514744e+00
4.975603325739221816e-01
8.546221163217300187e-01
2.752389315435847195e+00
2.752909284566191772e+00
7.385077447083325808e-01
7.824227317790484193e-01
8.217215062836942252e-01
9.796593469415366684e-01
7.504796957439676675e-01
7.164737957992137751e-01
4.681040456826384144e-01
7.462068003690003337e-01
1.130927929037572000e+00
6.457904354389949475e-01
5.303886976393936692e-01
1.018457382919510934e+00
1.865285178676838740e+00
9.137475800421750449e-01
6.260015641874243641e-01
9.021494377620769001e-01
4.826555295736465467e-01
8.021226460576116324e-01
5.510059574186918496e-01
2.651683977370584699e-01
3.933847837373001255e-01
9.020971230911136729e-01
5.247168587974826437e-01
4.229871712259569705e-01
7.322965139491746100e-01
4.984336776808167002e-01
1.874864477029218435e+00
6.124956521143278820e-01
6.119376059353385244e-01
3.261623810222218367e-01
6.535662928723642295e-01
6.723530464875064894e-01
2.894132615647800222e+00
5.897614134414972398e-01
2.606652793552729719e+00
9.729592435950191742e-01
7.099563669914203956e-01
6.585407818202888564e-01
7.205709623997549329e-01
5.245685714383441223e-01
6.842051690226860217e-01
6.270709639403371227e-02
2.222073705237765040e+00
3.928029794615284231e-01
5.333785748802011284e-01
3.918024495591847511e-01
4.356171409649700621e-01
8.944465617018408921e-01
8.296393705927656015e-01
5.365828576916520376e-01
3.179010908935371305e-01
3.155082281054450988e-01
3.192623501147480169e-01
3.546700541149814256e-01
nan
7.778628775699516495e-01
9.106679178189551749e-01
5.233004410719352961e-01
6.622423640997876504e-01
7.663337221593415904e-01
1.460324993019096240e+00
6.084029205842877985e-01
2.546866636514321769e+00
5.482006045900273961e-01
5.672976094177766271e-01
1.948116472104457486e+00
5.679251227748611797e-01
7.705043903457298171e-01
5.900341441200929182e-01
5.884196089746467351e-01
5.909128684603359716e-01
8.788770108674182069e-01
8.792689823504407087e-01
6.632944242210836450e-01
1.037926344279913593e+00
1.310981573406586165e+00
5.903384592730773761e-01
7.555342383685506036e-01
4.963991282248993997e-01
3.131093528390653802e-01
