3.359561201402218700e+00
3.468844591094342178e+00
2.827676062978689231e+00
3.129296422625488461e+00
3.735909258313283132e+00
1.386912566153803539e+00
3.399004877977972683e+00
3.478545139894075433e+00
2.596281698305917374e+00
3.328581491326204400e+00
1.776896672774213926e+00
2.597475602230282732e+00
3.028042936501710969e+00
2.310006295218634875e+00
3.406636916449487629e+00
2.648662940917771991e+00
2.447358720504785978e+00
2.957976573569776946e+00
3.414740498281934933e+00
2.326920956434200605e+00
3.296653153866973440e+00
3.610455086871445118e+00
3.785030343828553967e+00
2.698243383207696411e+00
3.556511712622063115e+00
3.589020508806084919e+00
1.855177106347920102e+00
3.742891217068764931e+00
2.705534217288779075e+00
3.751137677855538755e+00
3.432594692463890595e+00
3.227558493449855348e+00
3.737846111738027943e+00
3.219926092758349512e+00
3.039300462852517981e+00
2.883134819242036073e+00
3.715153215382885676e+00
3.719363829391211240e+00
3.033727164764192352e+00
2.505651725797088503e+00
2.291785513180395029e+00
2.048879868579639663e+00
2.928733346803676696e+00
3.524133387790444161e+00
2.715281504733242812e+00
2.151828543054277176e+00
3.370856708765272103e+00
1.573212221487208851e+00
2.928960399906527456e+00
2.796356492927921877e+00
2.768988530425222194e+00
3.823277218073457107e+00
4.175400014668094073e+00
3.272776573553390023e+00
4.271225007315402777e+00
1.718707173642858521e+00
2.937161030222718239e+00
3.899975395432779379e+00
3.622382326749375991e+00
3.113020272148510514e+00
2.974986959264978026e+00
1.974868813066072093e+00
2.315991746362033865e+00
3.362248748695074951e+00
3.971844966079355999e+00
2.641943975656440458e+00
2.478364365572820915e+00
4.216221446934229178e+00
2.340349670888372202e+00
3.737641166586932684e+00
1.639678106756287335e+00
2.319020363530855278e+00
2.081648586345641760e+00
3.552235257890277609e+00
3.198537667610880320e+00
3.676958546874686817e+00
3.560814529892891045e+00
2.905696165836237910e+00
4.017483881273845370e+00
4.302540445353601584e+00
3.562850167810591273e+00
7.406273939908469828e-01
4.329281158860458945e+00
3.548663469844765217e+00
2.117913565482970384e+00
2.381515374776460803e+00
3.684531665377145160e+00
3.408076584515990604e+00
3.929409331921362991e+00
2.270359845480976801e+00
2.183064838357379855e+00
2.386258670133571513e+00
2.489971192858144278e+00
1.861402382601855976e+00
3.296441554522026252e+00
2.021583409126813891e+00
3.179769461337986769e+00
2.414195620985672974e+00
1.808931761302451591e+00
2.714419989745950446e+00
3.764409051687504615e+00
4.015505399815397780e+00
4.026118217506043706e+00
3.167088313089861273e+00
3.601303541623536830e+00
1.834338985676232880e+00
1.981168540101711173e+00
2.459643470507797858e+00
3.853142984760484779e+00
3.741186158969298958e+00
1.992007443255332078e+00
3.084513891135259200e+00
2.832484104680442982e+00
3.489990634310631279e+00
1.975858268323051448e+00
3.060130978697090498e+00
4.011300539642270735e+00
1.946659334700326482e+00
2.514317099425676716e+00
3.065742581573259073e+00
2.431588493580994381e+00
2.187114459262566868e+00
3.736522641818602608e+00
1.953556089089742542e+00
3.707116699650738312e+00
2.688926158415151590e+00
3.131346745588571068e+00
4.001921676265556727e+00
3.152788686325795453e+00
3.964995708959387244e+00
1.763987549470595440e+00
3.324076341026557913e+00
4.006792517150932653e+00
3.553800694519773984e+00
3.881121746846705634e+00
2.739312964251515936e+00
3.447615551938872258e+00
3.888758569690335065e+00
1.771616960529973639e+00
3.788807470877875616e+00
2.950793787999311135e+00
2.630584998552228271e+00
2.611626303604259292e+00
2.591644613603403258e+00
3.862367928567215003e+00
2.320596456800432250e+00
2.920238849695648398e+00
3.512580265222974063e+00
3.202413714669372524e+00
3.564252141388848827e+00
1.803612793084019117e+00
1.801519359773063655e+00
2.870569680578020311e+00
1.833303215490552418e+00
3.064387496552440027e+00
2.069319653306070705e+00
2.990617922185441202e+00
3.573597598676084175e+00
3.118028869723788787e+00
1.106796534872765747e+00
1.107042755184620475e+00
1.106738270515592149e+00
3.707388850366319488e+00
3.013513708967503035e+00
1.158555233029385789e+00
2.945460583331218629e+00
6.484358421460150623e+00
7.085977136183647218e+00
5.390172307072296221e+00
5.404916222805642434e+00
5.444823727982651462e+00
6.932089955857732022e+00
6.157356586975454960e+00
5.296945714430604468e+00
6.916839016958283182e+00
6.607040992913002952e+00
6.181445059533526631e+00
5.078775928611214852e+00
6.883150355420552202e+00
6.099646028316584534e+00
6.903844854366884221e+00
6.238246711297730229e+00
5.407417796798442922e+00
7.173516698876765574e+00
7.191052616905182049e+00
7.177917027307607611e+00
5.359568571888269517e+00
6.332015476518270347e+00
6.153774554663140606e+00
5.812468598667907216e+00
6.638355444901097968e+00
6.851160383576267776e+00
6.726356273148535792e+00
5.984132183073837652e+00
4.821166469168773006e+00
7.319448115143782019e+00
6.224568005584352193e+00
5.442672966889540831e+00
6.210329516853217768e+00
7.001918841760328860e+00
4.776003304818239314e+00
7.277590820339822741e+00
5.463461373716096858e+00
5.701115565922561856e+00
5.719743359158348639e+00
6.983545780766174715e+00
6.443272651048829402e+00
6.284140560527912811e+00
7.110276179204676694e+00
6.593537781164108935e+00
6.885828714227402614e+00
6.379657751799703291e+00
6.958627680502669222e+00
6.815692826474881727e+00
5.698224331136731990e+00
7.318896332204516852e+00
5.694744715525830614e+00
6.172256028310838971e+00
6.821704474007672658e+00
5.140541443317445669e+00
7.338334203687223223e+00
6.241921089434161019e+00
6.534240142281268149e+00
6.172119911562457872e+00
5.225256608834550676e+00
3.830187290194704275e+00
7.192358095901422388e+00
6.697588110230242364e+00
5.730785019848374517e+00
6.477110401350667956e+00
7.077309976337062380e+00
7.062607286628420411e+00
7.040177628580050140e+00
6.148684270285750486e+00
5.365758107872004246e+00
5.856714161349234615e+00
5.639650194636907088e+00
6.963558292780989589e+00
5.817889519236752349e+00
5.731024452058868235e+00
3.477887744519744473e+00
6.818303498282423547e+00
7.417319876092472342e+00
7.204475146282712572e+00
6.380489624976986462e+00
5.444205439729538298e+00
5.937434171814539141e+00
6.730917918108771048e+00
4.756807940690684688e+00
7.352809789412223296e+00
4.960979717332994809e+00
6.398539036594746321e+00
6.849622747294029423e+00
4.962934190334573614e+00
6.143571364491512199e+00
7.327572059997589093e+00
5.230262118148798933e+00
5.312430432651330747e+00
6.669319988718447334e+00
7.112748374972207799e+00
7.176498250809741464e+00
5.081761477427136242e+00
6.942143613523112933e+00
6.531675907130930270e+00
6.620130881417795266e+00
4.899045809917165428e+00
6.397132994008101647e+00
5.061339754569806004e+00
7.240785442634505742e+00
6.987379136419546555e+00
6.987277362037467299e+00
6.535807707705478364e+00
5.822715111684843237e+00
6.860263354307646111e+00
6.898774909352729523e+00
7.103948450610443999e+00
6.881510452226232033e+00
6.092497749605229274e+00
5.854321699549041469e+00
7.154308506886494001e+00
5.828605917807843539e+00
5.539966373755413898e+00
7.130216090494085890e+00
4.835672229288171309e+00
6.292906157874819328e+00
6.132739594942433925e+00
5.176168148538438984e+00
5.197384333239702059e+00
6.807792250397449507e+00
6.302625495138096667e+00
6.194046965898484913e+00
5.373487530787858901e+00
6.690227917568021709e+00
6.722358882374537714e+00
4.778826999895860794e+00
6.511356781902900792e+00
6.758215196882526143e+00
5.918406522325284413e+00
6.633861758242689532e+00
6.857747386421163327e+00
4.986706294473044920e+00
6.869420280705595516e+00
6.485585558760716296e+00
5.447699325677241688e+00
5.995359065231058437e+00
5.101626354008271136e+00
5.129513283883168739e+00
7.045845724633435836e+00
6.854859819446044611e+00
6.314003295098284951e+00
6.374897971658938900e+00
6.957956279680681533e+00
7.307978598739547138e+00
6.971110059949911175e+00
4.950899910571914475e+00
5.693563405053021498e+00
5.146077998076737714e+00
7.380896236407776811e+00
7.010213278809453996e+00
6.987127207783526472e+00
4.929764952498771891e+00
4.503111927290921912e+00
7.290929356019598018e+00
4.881079681183656760e+00
7.202530881216786085e+00
4.546950931224506220e+00
6.698639222933056914e+00
7.286454045750479835e+00
5.722109291553749699e+00
5.100811828593416308e+00
5.227212652614346311e+00
4.802547240335224288e+00
6.456239214916502434e+00
6.306311992069721484e+00
5.330147071883629906e+00
6.640185898853754765e+00
7.275010988076333618e+00
4.986709065199308455e+00
7.039114290434971721e+00
6.283965723557477290e+00
5.943344956684914138e+00
7.048982419670828392e+00
5.904820732180622755e+00
6.894867864366922561e+00
5.636881913050137527e+00
6.436057666832011748e+00
6.832547373467702911e+00
6.921714517683533074e+00
6.487479161131188832e+00
6.647268932638469963e+00
6.423799018173999897e+00
6.422576880301091862e+00
6.910434954808643226e+00
5.730578536637393583e+00
6.886850051754951352e+00
5.793310016445204269e+00
4.890545688677349290e+00
6.741715770329451018e+00
6.836854578194568433e+00
4.524073915895439058e+00
5.888961632338133967e+00
5.336566795171524547e+00
6.940903583218316797e+00
5.347575222079646196e+00
6.167124036850259117e+00
6.163219588842212104e+00
7.237451216756895178e+00
5.802199830182885876e+00
5.512687283604416066e+00
7.180497115921037121e+00
6.487605390356218749e+00
6.720793105638255938e+00
7.279022228770964276e+00
5.292401824127594523e+00
7.019260528040232927e+00
5.518978235152570022e+00
6.031586237243230286e+00
6.302373482151301332e+00
7.157196794447113319e+00
5.532243853103532061e+00
6.580228912215773107e+00
5.193112639876350300e+00
7.049733865944302735e+00
6.321185863094719082e+00
5.639314076370274265e+00
6.596868207037745790e+00
6.630256586281541686e+00
6.320766791873039026e+00
6.923024626243444501e+00
6.863110596733150714e+00
7.058639555992236581e+00
6.700828458009642219e+00
6.875295867881860090e+00
6.781639959601934109e+00
5.374975335935745946e+00
5.900870254655401936e+00
6.122572298167030524e+00
5.984843190687033854e+00
4.617204243752164317e+00
5.102844096857614531e+00
6.081008682839382118e+00
5.420079296989660733e+00
5.861340338383147497e+00
6.511422613791305380e+00
6.474859692916888676e+00
5.642949947492249763e+00
6.045773164678198697e+00
5.539611387396584874e+00
6.678339497556176951e+00
6.559789133269955386e+00
1.925606797775792245e+00
1.926483769454485184e+00
6.832234401572636173e+00
5.852517125968153877e+00
5.713831912453251505e+00
4.848795256311779767e+00
4.887819615283421015e+00
6.357219318324071722e+00
5.241864689672421918e+00
6.159895618417865037e+00
4.684963527788614357e+00
6.510124680391200513e+00
7.212901065810822132e+00
6.987183478785087942e+00
5.877191041166581087e+00
5.660421836190581146e+00
7.051353092757656427e+00
6.443372645756173966e+00
6.711170341527038730e+00
6.906980153875689865e+00
3.779156860685496611e+00
6.076928093244799101e+00
5.473154158976996086e+00
7.109874937178123133e+00
5.780459524147255834e+00
5.861913445388328370e+00
6.075691920062768148e+00
6.125579394706878844e+00
3.083202693943123407e+00
5.083262710558411612e+00
5.886682289216022212e+00
6.695858743306418503e+00
3.042976744359458863e+00
5.652073141910689102e+00
6.141170488440094388e+00
6.521920006103590239e+00
7.146718626844910105e+00
5.645738767830790650e+00
5.491747342135024468e+00
5.671389927337644465e+00
4.996277490136263211e+00
6.761563524139155845e+00
6.466639359071745474e+00
6.626070267616425369e+00
6.887353070195707971e+00
5.333197972382201613e+00
6.925811865919193622e+00
5.972019375645508887e+00
5.225513598761937217e+00
3.709422418847593050e+00
7.059079322335787054e+00
6.081203705556312400e+00
7.128750672862016913e+00
5.647046726020345631e+00
6.107843750316066078e+00
5.679608286125606753e+00
3.211709995553439612e+00
7.069833703991058371e+00
6.817322452650433462e+00
6.691352518654577253e+00
6.652048486031985064e+00
6.817938231950872563e+00
6.949554130671039331e+00
4.695175287359335314e+00
4.962241336874523512e+00
6.778266022666597834e+00
5.983776675073441353e+00
6.607830711191480688e+00
5.045243367314707683e+00
6.749489717051796234e+00
6.462363984187200927e+00
6.076719460612505230e+00
6.156993079496139387e+00
5.617069036577332142e+00
6.721404164248587776e+00
6.882195499919914639e+00
6.690625871940493852e+00
6.934603315419764158e+00
6.282136305960950295e+00
6.725324271766396578e+00
6.832319095731952174e+00
6.068013315711910494e+00
6.269780867257987111e+00
6.182077380518084198e+00
5.223855294424593509e+00
6.792141747529866436e+00
6.852770743716577684e+00
5.502048990948487983e+00
5.651197434284583210e+00
5.973947076885799845e+00
6.908912347049971814e+00
5.938639548327390827e+00
7.198472864030996732e+00
6.141357622581629983e+00
6.247127696541555864e+00
4.595058514572606612e+00
5.407954750137831113e+00
6.147261594139179053e+00
5.746801152200310625e+00
4.530254190326703068e+00
6.211850031486690682e+00
5.939770493152705555e+00
5.268994337514573800e+00
6.919949347479267487e+00
5.822400929510889611e+00
6.911264905430922312e+00
7.004842945131917631e+00
6.227503244785417280e+00
5.936562076812689881e+00
5.217774352236832058e+00
4.699996889122290966e+00
5.448673094466615296e+00
5.595552205787068800e+00
6.287713758897114147e+00
6.708584540062545898e+00
6.919769562171357080e+00
6.310283445507423039e+00
6.477342795774960749e+00
7.081017310934452524e+00
5.963713497610998004e+00
6.205909596773578230e+00
6.073794228464644007e+00
5.580679071738259722e+00
6.997197021985366305e+00
5.158256622832286808e+00
6.544299260156472897e+00
5.331311400733300232e+00
5.331341786897525026e+00
5.391848528359238557e+00
6.435892022589204231e+00
5.478876749147591596e+00
4.954420356754082988e+00
6.708673862892384321e+00
6.062307553972294372e+00
6.946157234609229292e+00
4.547096492978749183e+00
5.979488813841349781e+00
7.042917591587739778e+00
5.751553710861486479e+00
5.250959634501153772e+00
6.006696050523080643e+00
4.951924711244734212e+00
5.292019038656626151e+00
6.502798862458583073e+00
5.294167124067385544e+00
6.989046621814352989e+00
5.479171636376790389e+00
6.707149529737124638e+00
5.689636689718058804e+00
6.524018930907416802e+00
6.043381955551629048e+00
6.159747847259199105e+00
6.019711932949157074e+00
7.162984813996599698e+00
5.140272194794201610e+00
6.817060943052798194e+00
6.247286384576648643e+00
6.775185310343372791e+00
5.085819248153748973e+00
5.992759557650034097e+00
7.010298158588433637e+00
5.329304928288058463e+00
6.363463098701464205e+00
6.844066837381429735e+00
5.160958478609535049e+00
6.172767327269113480e+00
6.839154114071027024e+00
6.556033962822093386e+00
4.670491294512448377e+00
4.672177253353815729e+00
5.579728266132931935e+00
4.956683333761098709e+00
6.299218944489632932e+00
6.340828500450248484e+00
5.237056136356754266e+00
6.335181502177841040e+00
6.963305001493148794e+00
6.039120440604236251e+00
6.961709575281659568e+00
4.702138869722025660e+00
6.697140281596748679e+00
4.826990367488431133e+00
6.638233875075099988e+00
5.202691905301779940e+00
5.447562965559297865e+00
7.171259808795712232e+00
6.360748929496528703e+00
5.818596845963654118e+00
6.562025110300776731e+00
6.859539144215521134e+00
7.057355836479581868e+00
6.817230704242566830e+00
5.145624175182353710e+00
6.389530204143639480e+00
6.399953705810673910e+00
5.900035715744900600e+00
4.414823661578873626e+00
5.801214175432438225e+00
6.824195669832473499e+00
6.448540111210721903e+00
3.931941091350848794e+00
6.164341637171082411e+00
5.895509550037678181e+00
6.461975329744282348e+00
6.998376444280408393e+00
4.566849393237159660e+00
6.573126005858576093e+00
6.113360748323497518e+00
7.156217263685272556e+00
6.302000224744563894e+00
5.564611209105176926e+00
5.536569876960424352e+00
4.872463804687431121e+00
5.944920801442950875e+00
6.636809238813636824e+00
4.158577111985684027e+00
5.217705498561738153e+00
5.768178490831008531e+00
7.007476684867251393e+00
5.069377073538751333e+00
5.073953733193388160e+00
5.359570455079364137e+00
5.569013845412982278e+00
7.106299874260045613e+00
6.160271524747702898e+00
5.557300285751797020e+00
7.069476658428579086e+00
7.080113854384947558e+00
6.580081605516205911e+00
7.033187556608286428e+00
5.552240954932733175e+00
6.124833657809167775e+00
5.622616297372507788e+00
2.182698169619303741e+00
5.585498589222950727e+00
6.014436138067475568e+00
5.673452014456835002e+00
4.759777733096665742e+00
5.110054308703045223e+00
5.220148936050541977e+00
7.081613809596047915e+00
6.514219438565097775e+00
5.754866554766383757e+00
5.860475819996377567e+00
6.262846801563187071e+00
5.672610498200308271e+00
5.368344250160905773e+00
4.086408709267805861e+00
7.033991154362627896e+00
2.385093155581825997e+00
6.143344028071661356e+00
6.371839434643964850e+00
2.722164837586683817e+00
6.270283150541420270e+00
6.448045292109563675e+00
5.062666616779763373e+00
5.528178108949587610e+00
6.225836435558679938e+00
7.134907306373335700e+00
6.417687023484173636e+00
6.981394194102131578e+00
7.091082712828256973e+00
4.621077472612746817e+00
5.609314293004734608e+00
7.140808492564767462e+00
5.097540539065812837e+00
5.264104167406378210e+00
6.190011361484959451e+00
6.650049798085079900e+00
5.688393661212774788e+00
6.997734183792944762e+00
5.805603855104870092e+00
6.973458123396619968e+00
5.642401732913977952e+00
6.847732657018562819e+00
7.158758868708625656e+00
6.535769800635614857e+00
5.557053066129228114e+00
6.426890226212574220e+00
3.828792267391127879e+00
6.500655594862763564e+00
7.058388627084605460e+00
4.814485987620724217e+00
5.576893115485002994e+00
5.698793205314627741e+00
7.080871101431581494e+00
6.432994185772368922e+00
4.915031407475924041e+00
4.444748615794557267e+00
5.055097656000251405e+00
6.323825271913460000e+00
2.092781301012891504e+00
6.159123364345852281e+00
6.152665386917322010e+00
7.203517175563938224e+00
6.856306901494919614e+00
5.386159756289393030e+00
5.479965471995877024e+00
6.642692222731042762e+00
5.728352118290670703e+00
6.843906883906862859e+00
6.433637670136654663e+00
4.897457981456062370e+00
6.382912875834550803e+00
5.939063955335839751e+00
6.130905487659321196e+00
6.410225273427965220e+00
6.577366539814942570e+00
4.896260178324858714e+00
5.911118835926686188e+00
6.301921741852778425e+00
5.323989824128375403e+00
6.545488072003237789e+00
4.526483662960467669e+00
5.421626106422198887e+00
6.309480051443008719e+00
6.106677883379937555e+00
6.739655195819709732e+00
5.910487468113473142e+00
4.706460447646035661e+00
6.446109340570947310e+00
5.569950250210693454e+00
5.887161705116207955e+00
6.603504175101384988e+00
6.800394908067470823e+00
5.873433404149368542e+00
5.527251429169995234e+00
4.836716885928733944e+00
5.997765199648560142e+00
6.523388647727799139e+00
6.746070951058088738e+00
6.192109633089888376e+00
5.897436662302336430e+00
6.386322940853110808e+00
6.246046279067371643e+00
4.168818802178405392e+00
6.622740465543119015e+00
4.865668702990580741e+00
5.034070064408059153e+00
5.461196115180268151e+00
5.878922812655089203e+00
4.837416230498021719e+00
6.745015404245284785e+00
5.888022423724491361e+00
5.385452808368226485e+00
6.213163292085393863e+00
5.476123860885822481e+00
5.848723827296819167e+00
6.424777758773098313e+00
5.726898038727462392e+00
2.059933686638663275e+00
6.777145565525939830e+00
6.506880646546877145e+00
6.823510393811526242e+00
6.372710203100679038e+00
6.125059899248501694e+00
4.434183055647494598e+00
5.819050485541527706e+00
5.654638297888771703e+00
6.301445229174220231e+00
4.918323812215904312e+00
6.829436766693177674e+00
4.853715065395084238e+00
5.268976128943089421e+00
6.015871978318065416e+00
5.226760155771529526e+00
6.293362006301702394e+00
6.018071451602036603e+00
6.378543197882668991e+00
5.854669396812507642e+00
5.854660968194387749e+00
6.293646571203593609e+00
6.710873261346742780e+00
5.280951164499787964e+00
6.078245551949855496e+00
6.016055869188686955e+00
5.450992812904440044e+00
5.271025640008234703e+00
6.049465943914649202e+00
6.694547089031521736e+00
5.871386054947238975e+00
4.649532757213709289e+00
6.744958932587669764e+00
5.588807076123165629e+00
5.182466803607093553e+00
6.766639141005427405e+00
6.773325260731374087e+00
4.474238546878185119e+00
6.143982296741087978e+00
6.347989236617229025e+00
5.798231163923350806e+00
4.465234533309251574e+00
6.209513431000679873e+00
5.732051046896152968e+00
4.434263662715947518e+00
6.537221087488516602e+00
4.981783052988419058e+00
6.310879093842082455e+00
4.962910693839393872e+00
4.963266592800239962e+00
4.976935085776210244e+00
6.689823012047924067e+00
5.490324849837820764e+00
6.515544933666461702e+00
6.043266201806595461e+00
6.568561306719869819e+00
5.641206610765850726e+00
5.979026757619864796e+00
5.780091924902913902e+00
6.138911182071918660e+00
5.611447419258096758e+00
5.579582179065678105e+00
3.741381548151702319e+00
6.330622707407590255e+00
4.394118129219837243e+00
5.871445623502198785e+00
4.392994973894317923e+00
4.412085050527091212e+00
6.585957046962652939e+00
6.764172672502164474e+00
5.027135700848445410e+00
4.991252918255444371e+00
4.993157742204070715e+00
4.991871400603971054e+00
3.739469052433918250e+00
5.810144466953579112e+00
5.029162700941899544e+00
6.464480836546998788e+00
5.423168770884812417e+00
6.160509117564650694e+00
6.633353165724985345e+00
5.540595303149677520e+00
6.509269216041458250e+00
6.023639456349162202e+00
6.339554933037630846e+00
6.044419359952804882e+00
5.739633101302800355e+00
6.044352433240304023e+00
6.429674782562896596e+00
5.069839105436150462e+00
5.070289706687544751e+00
5.070053089562305715e+00
4.623661054350305832e+00
4.623502279280540250e+00
5.964568574023125791e+00
6.264275828825375925e+00
5.971688187258545000e+00
5.388777487135875788e+00
4.620269100809434093e+00
5.174569748218168286e+00
5.175706783071904127e+00
